1.000000000000000000e+00,3.299180822018716874e-01,3.686086370502175136e-01,4.118365577333854555e-01,3.686086370502175136e-01,3.686086370502175136e-01,2.952886341318485264e-01,8.719537744745267660e-02,3.686086370502175136e-01,1.184743886428653477e-02,3.686086370502175136e-01,2.009436408321005774e-03,2.952886341318485264e-01,4.601339557395596191e-01,4.601339557395596191e-01,4.601339557395596191e-01,2.952886341318485264e-01,3.686086370502175136e-01,3.299180822018716874e-01,3.686086370502175136e-01,3.686086370502175136e-01,1.323682613318629547e-02,4.118365577333854555e-01,1.609739091130084820e-03,6.090713170099791227e-03,3.299180822018716874e-01,3.299180822018716874e-01,3.686086370502175136e-01,3.686086370502175136e-01,1.088459409637609482e-01,3.299180822018716874e-01,3.299180822018716874e-01,3.299180822018716874e-01,3.686086370502175136e-01,8.831511497312075049e-10,3.299180822018716874e-01,2.365527247142980294e-01,2.365527247142980294e-01,3.686086370502175136e-01,2.365527247142980294e-01,3.686086370502175136e-01,3.686086370502175136e-01,3.050455327023370933e-04,4.601339557395596191e-01,3.686086370502175136e-01,3.686086370502175136e-01,4.601339557395596191e-01,4.118365577333854555e-01,3.686086370502175136e-01,3.686086370502175136e-01,5.140953449829490651e-01,2.952886341318485264e-01,3.686086370502175136e-01,1.184743886428653477e-02,4.753376575284467219e-04,3.686086370502175136e-01,3.686086370502175136e-01,4.118365577333854555e-01,3.686086370502175136e-01,3.686086370502175136e-01,3.299180822018716874e-01,3.299180822018716874e-01,3.686086370502175136e-01,3.686086370502175136e-01,3.686086370502175136e-01,3.299180822018716874e-01,3.686086370502175136e-01,3.686086370502175136e-01,3.686086370502175136e-01,3.686086370502175136e-01,3.686086370502175136e-01,1.894999844280262080e-01,2.117232572245350553e-01,3.686086370502175136e-01,1.518065122335564565e-01,2.642940237331374287e-01,2.365527247142980294e-01,1.696093502856842183e-01,4.118365577333854555e-01,3.686086370502175136e-01,3.299180822018716874e-01,2.642940237331374287e-01,4.879208439824506138e-03,2.952886341318485264e-01,3.686086370502175136e-01,5.140953449829490651e-01,3.686086370502175136e-01,3.686086370502175136e-01,2.952886341318485264e-01,4.601339557395596191e-01,3.686086370502175136e-01,6.985133098105222871e-02,3.686086370502175136e-01,3.299180822018716874e-01,3.686086370502175136e-01,3.686086370502175136e-01,3.299180822018716874e-01,3.686086370502175136e-01,3.299180822018716874e-01,1.216106546186535159e-01,3.686086370502175136e-01,4.601339557395596191e-01,2.117232572245350553e-01,3.686086370502175136e-01,3.686086370502175136e-01,3.299180822018716874e-01,3.686086370502175136e-01,3.686086370502175136e-01,1.216106546186535159e-01,3.686086370502175136e-01,7.603033848203740244e-03,3.686086370502175136e-01
3.299180822018716874e-01,1.000000000000000000e+00,7.170044246606496197e-01,6.417449319888591797e-01,7.170044246606496197e-01,7.170044246606496197e-01,4.601339557395596191e-01,6.985133098105222871e-02,7.170044246606496197e-01,2.304521715651692768e-02,7.170044246606496197e-01,4.879208439824506138e-03,3.686086370502175136e-01,7.170044246606496197e-01,7.170044246606496197e-01,7.170044246606496197e-01,3.686086370502175136e-01,7.170044246606496197e-01,5.140953449829490651e-01,7.170044246606496197e-01,7.170044246606496197e-01,1.323682613318629547e-02,6.417449319888591797e-01,3.131207288374647079e-03,7.603033848203740244e-03,6.417449319888591797e-01,6.417449319888591797e-01,7.170044246606496197e-01,7.170044246606496197e-01,8.719537744745267660e-02,5.140953449829490651e-01,5.140953449829490651e-01,6.417449319888591797e-01,7.170044246606496197e-01,4.540238949931529406e-10,6.417449319888591797e-01,2.952886341318485264e-01,2.365527247142980294e-01,7.170044246606496197e-01,7.170044246606496197e-01,7.170044246606496197e-01,7.170044246606496197e-01,2.443688770304731092e-04,7.170044246606496197e-01,7.170044246606496197e-01,7.170044246606496197e-01,7.170044246606496197e-01,6.417449319888591797e-01,7.170044246606496197e-01,7.170044246606496197e-01,4.118365577333854555e-01,5.743849599370370873e-01,7.170044246606496197e-01,1.846128932809744730e-02,7.406956157102916527e-04,7.170044246606496197e-01,7.170044246606496197e-01,6.417449319888591797e-01,7.170044246606496197e-01,7.170044246606496197e-01,6.417449319888591797e-01,5.140953449829490651e-01,7.170044246606496197e-01,7.170044246606496197e-01,7.170044246606496197e-01,5.140953449829490651e-01,7.170044246606496197e-01,7.170044246606496197e-01,5.743849599370370873e-01,5.743849599370370873e-01,7.170044246606496197e-01,2.952886341318485264e-01,2.642940237331374287e-01,7.170044246606496197e-01,1.894999844280262080e-01,4.118365577333854555e-01,1.894999844280262080e-01,2.642940237331374287e-01,6.417449319888591797e-01,7.170044246606496197e-01,6.417449319888591797e-01,4.118365577333854555e-01,7.603033848203740244e-03,5.743849599370370873e-01,5.743849599370370873e-01,5.140953449829490651e-01,7.170044246606496197e-01,7.170044246606496197e-01,5.743849599370370873e-01,7.170044246606496197e-01,7.170044246606496197e-01,6.985133098105222871e-02,7.170044246606496197e-01,6.417449319888591797e-01,7.170044246606496197e-01,7.170044246606496197e-01,6.417449319888591797e-01,5.743849599370370873e-01,6.417449319888591797e-01,2.365527247142980294e-01,7.170044246606496197e-01,7.170044246606496197e-01,2.117232572245350553e-01,7.170044246606496197e-01,7.170044246606496197e-01,6.417449319888591797e-01,7.170044246606496197e-01,7.170044246606496197e-01,2.365527247142980294e-01,7.170044246606496197e-01,1.184743886428653477e-02,7.170044246606496197e-01
3.686086370502175136e-01,7.170044246606496197e-01,1.000000000000000000e+00,7.170044246606496197e-01,8.010898401483189657e-01,8.010898401483189657e-01,5.140953449829490651e-01,7.804302127736852113e-02,8.010898401483189657e-01,2.574780390906928479e-02,8.010898401483189657e-01,4.367068292300440788e-03,4.118365577333854555e-01,8.010898401483189657e-01,8.010898401483189657e-01,8.010898401483189657e-01,4.118365577333854555e-01,8.010898401483189657e-01,5.743849599370370873e-01,8.010898401483189657e-01,8.010898401483189657e-01,1.478915131677746055e-02,7.170044246606496197e-01,3.498414040195751279e-03,1.060388693110529863e-02,7.170044246606496197e-01,7.170044246606496197e-01,8.010898401483189657e-01,8.010898401483189657e-01,9.742105986878964174e-02,5.743849599370370873e-01,5.743849599370370873e-01,7.170044246606496197e-01,8.010898401483189657e-01,5.072687377567094622e-10,7.170044246606496197e-01,3.299180822018716874e-01,2.642940237331374287e-01,8.010898401483189657e-01,5.140953449829490651e-01,8.010898401483189657e-01,8.010898401483189657e-01,2.187189966705397346e-04,8.010898401483189657e-01,8.010898401483189657e-01,8.010898401483189657e-01,8.010898401483189657e-01,7.170044246606496197e-01,8.010898401483189657e-01,8.010898401483189657e-01,4.601339557395596191e-01,6.417449319888591797e-01,8.010898401483189657e-01,2.062630411768658079e-02,5.310820337910221673e-04,8.010898401483189657e-01,8.010898401483189657e-01,7.170044246606496197e-01,8.010898401483189657e-01,8.010898401483189657e-01,7.170044246606496197e-01,5.743849599370370873e-01,8.010898401483189657e-01,8.010898401483189657e-01,8.010898401483189657e-01,5.743849599370370873e-01,8.010898401483189657e-01,8.010898401483189657e-01,6.417449319888591797e-01,6.417449319888591797e-01,8.010898401483189657e-01,3.299180822018716874e-01,2.952886341318485264e-01,8.010898401483189657e-01,2.117232572245350553e-01,4.601339557395596191e-01,2.117232572245350553e-01,2.952886341318485264e-01,7.170044246606496197e-01,8.010898401483189657e-01,7.170044246606496197e-01,4.601339557395596191e-01,8.494666086590005674e-03,6.417449319888591797e-01,6.417449319888591797e-01,5.743849599370370873e-01,8.010898401483189657e-01,8.010898401483189657e-01,6.417449319888591797e-01,8.010898401483189657e-01,8.010898401483189657e-01,7.804302127736852113e-02,8.010898401483189657e-01,7.170044246606496197e-01,8.010898401483189657e-01,8.010898401483189657e-01,7.170044246606496197e-01,6.417449319888591797e-01,7.170044246606496197e-01,2.642940237331374287e-01,8.010898401483189657e-01,8.010898401483189657e-01,2.365527247142980294e-01,8.010898401483189657e-01,8.010898401483189657e-01,7.170044246606496197e-01,8.010898401483189657e-01,8.010898401483189657e-01,2.642940237331374287e-01,8.010898401483189657e-01,1.323682613318629547e-02,8.010898401483189657e-01
4.118365577333854555e-01,6.417449319888591797e-01,7.170044246606496197e-01,1.000000000000000000e+00,7.170044246606496197e-01,7.170044246606496197e-01,4.601339557395596191e-01,8.719537744745267660e-02,7.170044246606496197e-01,2.304521715651692768e-02,7.170044246606496197e-01,3.908684309109337895e-03,4.601339557395596191e-01,8.950362228135344544e-01,7.170044246606496197e-01,7.170044246606496197e-01,4.601339557395596191e-01,7.170044246606496197e-01,6.417449319888591797e-01,7.170044246606496197e-01,7.170044246606496197e-01,1.652352266848816642e-02,8.010898401483189657e-01,3.131207288374647079e-03,7.603033848203740244e-03,6.417449319888591797e-01,6.417449319888591797e-01,7.170044246606496197e-01,7.170044246606496197e-01,1.088459409637609482e-01,6.417449319888591797e-01,6.417449319888591797e-01,6.417449319888591797e-01,7.170044246606496197e-01,4.540238949931529406e-10,6.417449319888591797e-01,3.686086370502175136e-01,2.952886341318485264e-01,7.170044246606496197e-01,4.601339557395596191e-01,7.170044246606496197e-01,7.170044246606496197e-01,2.443688770304731092e-04,7.170044246606496197e-01,7.170044246606496197e-01,7.170044246606496197e-01,8.950362228135344544e-01,8.010898401483189657e-01,7.170044246606496197e-01,7.170044246606496197e-01,5.140953449829490651e-01,5.743849599370370873e-01,7.170044246606496197e-01,1.846128932809744730e-02,5.933637323879170948e-04,7.170044246606496197e-01,7.170044246606496197e-01,8.010898401483189657e-01,7.170044246606496197e-01,7.170044246606496197e-01,6.417449319888591797e-01,5.140953449829490651e-01,7.170044246606496197e-01,7.170044246606496197e-01,7.170044246606496197e-01,6.417449319888591797e-01,7.170044246606496197e-01,7.170044246606496197e-01,7.170044246606496197e-01,7.170044246606496197e-01,7.170044246606496197e-01,3.686086370502175136e-01,3.299180822018716874e-01,7.170044246606496197e-01,1.894999844280262080e-01,5.140953449829490651e-01,2.365527247142980294e-01,2.642940237331374287e-01,8.010898401483189657e-01,7.170044246606496197e-01,6.417449319888591797e-01,5.140953449829490651e-01,9.490862905958295445e-03,5.743849599370370873e-01,5.743849599370370873e-01,6.417449319888591797e-01,7.170044246606496197e-01,7.170044246606496197e-01,5.743849599370370873e-01,7.170044246606496197e-01,7.170044246606496197e-01,8.719537744745267660e-02,7.170044246606496197e-01,6.417449319888591797e-01,7.170044246606496197e-01,7.170044246606496197e-01,6.417449319888591797e-01,7.170044246606496197e-01,6.417449319888591797e-01,2.952886341318485264e-01,7.170044246606496197e-01,7.170044246606496197e-01,2.642940237331374287e-01,7.170044246606496197e-01,7.170044246606496197e-01,6.417449319888591797e-01,7.170044246606496197e-01,7.170044246606496197e-01,2.365527247142980294e-01,7.170044246606496197e-01,1.184743886428653477e-02,7.170044246606496197e-01
3.686086370502175136e-01,7.170044246606496197e-01,8.010898401483189657e-01,7.170044246606496197e-01,1.000000000000000000e+00,8.010898401483189657e-01,6.417449319888591797e-01,7.804302127736852113e-02,8.010898401483189657e-01,2.574780390906928479e-02,8.010898401483189657e-01,4.367068292300440788e-03,5.140953449829490651e-01,8.010898401483189657e-01,8.010898401483189657e-01,8.010898401483189657e-01,5.140953449829490651e-01,8.010898401483189657e-01,5.743849599370370873e-01,8.010898401483189657e-01,8.010898401483189657e-01,1.846128932809744730e-02,7.170044246606496197e-01,3.498414040195751279e-03,8.494666086590005674e-03,7.170044246606496197e-01,7.170044246606496197e-01,8.010898401483189657e-01,8.010898401483189657e-01,1.216106546186535159e-01,7.170044246606496197e-01,5.743849599370370873e-01,7.170044246606496197e-01,8.010898401483189657e-01,5.072687377567094622e-10,8.950362228135344544e-01,4.118365577333854555e-01,3.299180822018716874e-01,8.010898401483189657e-01,5.140953449829490651e-01,8.010898401483189657e-01,8.010898401483189657e-01,2.730268013760418040e-04,8.010898401483189657e-01,8.010898401483189657e-01,8.010898401483189657e-01,8.010898401483189657e-01,8.950362228135344544e-01,8.010898401483189657e-01,8.010898401483189657e-01,5.743849599370370873e-01,6.417449319888591797e-01,8.010898401483189657e-01,2.062630411768658079e-02,5.310820337910221673e-04,8.010898401483189657e-01,8.010898401483189657e-01,7.170044246606496197e-01,8.010898401483189657e-01,8.010898401483189657e-01,7.170044246606496197e-01,5.743849599370370873e-01,8.010898401483189657e-01,8.010898401483189657e-01,8.010898401483189657e-01,5.743849599370370873e-01,8.010898401483189657e-01,1.000000000000000000e+00,8.010898401483189657e-01,6.417449319888591797e-01,1.000000000000000000e+00,4.118365577333854555e-01,2.952886341318485264e-01,8.010898401483189657e-01,2.117232572245350553e-01,4.601339557395596191e-01,2.642940237331374287e-01,3.686086370502175136e-01,7.170044246606496197e-01,8.010898401483189657e-01,7.170044246606496197e-01,4.601339557395596191e-01,8.494666086590005674e-03,8.010898401483189657e-01,8.010898401483189657e-01,5.743849599370370873e-01,8.010898401483189657e-01,8.010898401483189657e-01,6.417449319888591797e-01,8.010898401483189657e-01,8.010898401483189657e-01,9.742105986878964174e-02,8.010898401483189657e-01,7.170044246606496197e-01,8.010898401483189657e-01,8.010898401483189657e-01,7.170044246606496197e-01,8.010898401483189657e-01,7.170044246606496197e-01,2.642940237331374287e-01,8.010898401483189657e-01,8.010898401483189657e-01,2.365527247142980294e-01,8.010898401483189657e-01,1.000000000000000000e+00,7.170044246606496197e-01,8.010898401483189657e-01,8.010898401483189657e-01,2.642940237331374287e-01,8.010898401483189657e-01,1.323682613318629547e-02,8.010898401483189657e-01
3.686086370502175136e-01,7.170044246606496197e-01,8.010898401483189657e-01,7.170044246606496197e-01,8.010898401483189657e-01,1.000000000000000000e+00,5.140953449829490651e-01,9.742105986878964174e-02,8.010898401483189657e-01,2.574780390906928479e-02,8.010898401483189657e-01,4.367068292300440788e-03,4.118365577333854555e-01,8.010898401483189657e-01,8.010898401483189657e-01,8.010898401483189657e-01,4.118365577333854555e-01,8.010898401483189657e-01,5.743849599370370873e-01,8.010898401483189657e-01,8.010898401483189657e-01,1.478915131677746055e-02,7.170044246606496197e-01,3.498414040195751279e-03,8.494666086590005674e-03,7.170044246606496197e-01,7.170044246606496197e-01,8.010898401483189657e-01,8.010898401483189657e-01,9.742105986878964174e-02,5.743849599370370873e-01,5.743849599370370873e-01,7.170044246606496197e-01,8.010898401483189657e-01,5.072687377567094622e-10,7.170044246606496197e-01,3.299180822018716874e-01,2.642940237331374287e-01,8.010898401483189657e-01,5.140953449829490651e-01,8.010898401483189657e-01,8.010898401483189657e-01,2.187189966705397346e-04,8.010898401483189657e-01,8.010898401483189657e-01,8.010898401483189657e-01,8.010898401483189657e-01,7.170044246606496197e-01,8.010898401483189657e-01,8.010898401483189657e-01,4.601339557395596191e-01,6.417449319888591797e-01,8.010898401483189657e-01,2.062630411768658079e-02,5.310820337910221673e-04,8.010898401483189657e-01,8.010898401483189657e-01,7.170044246606496197e-01,8.010898401483189657e-01,8.010898401483189657e-01,7.170044246606496197e-01,5.743849599370370873e-01,8.010898401483189657e-01,8.010898401483189657e-01,8.010898401483189657e-01,5.743849599370370873e-01,8.010898401483189657e-01,8.010898401483189657e-01,6.417449319888591797e-01,6.417449319888591797e-01,8.010898401483189657e-01,3.299180822018716874e-01,2.952886341318485264e-01,8.010898401483189657e-01,2.117232572245350553e-01,4.601339557395596191e-01,2.117232572245350553e-01,2.952886341318485264e-01,7.170044246606496197e-01,8.010898401483189657e-01,7.170044246606496197e-01,4.601339557395596191e-01,8.494666086590005674e-03,6.417449319888591797e-01,6.417449319888591797e-01,5.743849599370370873e-01,8.010898401483189657e-01,8.010898401483189657e-01,6.417449319888591797e-01,8.010898401483189657e-01,8.010898401483189657e-01,7.804302127736852113e-02,1.000000000000000000e+00,8.950362228135344544e-01,8.010898401483189657e-01,8.010898401483189657e-01,7.170044246606496197e-01,6.417449319888591797e-01,7.170044246606496197e-01,2.642940237331374287e-01,8.010898401483189657e-01,8.010898401483189657e-01,2.365527247142980294e-01,8.010898401483189657e-01,8.010898401483189657e-01,7.170044246606496197e-01,8.010898401483189657e-01,8.010898401483189657e-01,2.642940237331374287e-01,8.010898401483189657e-01,1.323682613318629547e-02,8.010898401483189657e-01
2.952886341318485264e-01,4.601339557395596191e-01,5.140953449829490651e-01,4.601339557395596191e-01,6.417449319888591797e-01,5.140953449829490651e-01,1.000000000000000000e+00,1.216106546186535159e-01,5.140953449829490651e-01,1.652352266848816642e-02,6.417449319888591797e-01,2.802543944233050911e-03,5.140953449829490651e-01,5.140953449829490651e-01,6.417449319888591797e-01,6.417449319888591797e-01,4.118365577333854555e-01,5.140953449829490651e-01,5.743849599370370873e-01,5.140953449829490651e-01,5.140953449829490651e-01,2.304521715651692768e-02,4.601339557395596191e-01,2.802543944233050911e-03,5.451408910006764856e-03,4.601339557395596191e-01,5.743849599370370873e-01,5.140953449829490651e-01,5.140953449829490651e-01,1.518065122335564565e-01,4.601339557395596191e-01,5.743849599370370873e-01,4.601339557395596191e-01,5.140953449829490651e-01,7.904522692288500947e-10,5.743849599370370873e-01,5.140953449829490651e-01,4.118365577333854555e-01,5.140953449829490651e-01,3.299180822018716874e-01,6.417449319888591797e-01,6.417449319888591797e-01,4.254444215552943354e-04,5.140953449829490651e-01,6.417449319888591797e-01,5.140953449829490651e-01,5.140953449829490651e-01,5.743849599370370873e-01,6.417449319888591797e-01,5.140953449829490651e-01,5.743849599370370873e-01,4.118365577333854555e-01,5.140953449829490651e-01,1.652352266848816642e-02,4.254444215552943354e-04,5.140953449829490651e-01,5.140953449829490651e-01,5.743849599370370873e-01,6.417449319888591797e-01,5.140953449829490651e-01,4.601339557395596191e-01,5.743849599370370873e-01,5.140953449829490651e-01,5.140953449829490651e-01,5.140953449829490651e-01,4.601339557395596191e-01,6.417449319888591797e-01,6.417449319888591797e-01,6.417449319888591797e-01,5.140953449829490651e-01,6.417449319888591797e-01,5.140953449829490651e-01,3.686086370502175136e-01,6.417449319888591797e-01,2.117232572245350553e-01,2.952886341318485264e-01,4.118365577333854555e-01,4.601339557395596191e-01,4.601339557395596191e-01,5.140953449829490651e-01,4.601339557395596191e-01,4.601339557395596191e-01,5.451408910006764856e-03,6.417449319888591797e-01,5.140953449829490651e-01,4.601339557395596191e-01,6.417449319888591797e-01,6.417449319888591797e-01,4.118365577333854555e-01,6.417449319888591797e-01,5.140953449829490651e-01,9.742105986878964174e-02,5.140953449829490651e-01,4.601339557395596191e-01,5.140953449829490651e-01,5.140953449829490651e-01,5.743849599370370873e-01,5.140953449829490651e-01,5.743849599370370873e-01,1.696093502856842183e-01,5.140953449829490651e-01,6.417449319888591797e-01,2.952886341318485264e-01,5.140953449829490651e-01,6.417449319888591797e-01,4.601339557395596191e-01,5.140953449829490651e-01,5.140953449829490651e-01,1.696093502856842183e-01,6.417449319888591797e-01,8.494666086590005674e-03,5.140953449829490651e-01
8.719537744745267660e-02,6.985133098105222871e-02,7.804302127736852113e-02,8.719537744745267660e-02,7.804302127736852113e-02,9.742105986878964174e-02,1.216106546186535159e-01,1.000000000000000000e+00,9.742105986878964174e-02,2.508378346115294755e-03,9.742105986878964174e-02,5.310820337910221673e-04,9.742105986878964174e-02,9.742105986878964174e-02,9.742105986878964174e-02,9.742105986878964174e-02,7.804302127736852113e-02,9.742105986878964174e-02,1.358723273080190697e-01,9.742105986878964174e-02,7.804302127736852113e-02,8.494666086590005674e-03,1.088459409637609482e-01,4.254444215552943354e-04,1.289545631193900980e-03,6.985133098105222871e-02,1.088459409637609482e-01,7.804302127736852113e-02,9.742105986878964174e-02,6.985133098105222871e-02,8.719537744745267660e-02,1.358723273080190697e-01,1.088459409637609482e-01,9.742105986878964174e-02,3.341547936864976617e-09,6.985133098105222871e-02,9.742105986878964174e-02,1.894999844280262080e-01,7.804302127736852113e-02,5.008371338184994248e-02,9.742105986878964174e-02,9.742105986878964174e-02,2.443688770304731092e-04,7.804302127736852113e-02,9.742105986878964174e-02,9.742105986878964174e-02,9.742105986878964174e-02,8.719537744745267660e-02,9.742105986878964174e-02,9.742105986878964174e-02,1.088459409637609482e-01,6.251947143977897026e-02,7.804302127736852113e-02,2.508378346115294755e-03,1.957614246375658851e-04,7.804302127736852113e-02,9.742105986878964174e-02,1.088459409637609482e-01,9.742105986878964174e-02,9.742105986878964174e-02,8.719537744745267660e-02,1.088459409637609482e-01,9.742105986878964174e-02,9.742105986878964174e-02,7.804302127736852113e-02,1.088459409637609482e-01,9.742105986878964174e-02,7.804302127736852113e-02,9.742105986878964174e-02,1.216106546186535159e-01,7.804302127736852113e-02,1.216106546186535159e-01,1.358723273080190697e-01,9.742105986878964174e-02,5.008371338184994248e-02,5.595719156975845904e-02,1.518065122335564565e-01,1.088459409637609482e-01,1.088459409637609482e-01,9.742105986878964174e-02,6.985133098105222871e-02,1.358723273080190697e-01,1.609739091130084820e-03,7.804302127736852113e-02,9.742105986878964174e-02,1.358723273080190697e-01,9.742105986878964174e-02,9.742105986878964174e-02,7.804302127736852113e-02,9.742105986878964174e-02,9.742105986878964174e-02,1.088459409637609482e-01,9.742105986878964174e-02,1.088459409637609482e-01,9.742105986878964174e-02,9.742105986878964174e-02,1.088459409637609482e-01,9.742105986878964174e-02,1.088459409637609482e-01,3.214096923798482469e-02,9.742105986878964174e-02,9.742105986878964174e-02,8.719537744745267660e-02,7.804302127736852113e-02,7.804302127736852113e-02,6.985133098105222871e-02,9.742105986878964174e-02,9.742105986878964174e-02,3.214096923798482469e-02,9.742105986878964174e-02,2.508378346115294755e-03,9.742105986878964174e-02
3.686086370502175136e-01,7.170044246606496197e-01,8.010898401483189657e-01,7.170044246606496197e-01,8.010898401483189657e-01,8.010898401483189657e-01,5.140953449829490651e-01,9.742105986878964174e-02,1.000000000000000000e+00,2.574780390906928479e-02,8.010898401483189657e-01,4.367068292300440788e-03,4.118365577333854555e-01,8.010898401483189657e-01,8.010898401483189657e-01,8.010898401483189657e-01,4.118365577333854555e-01,8.010898401483189657e-01,5.743849599370370873e-01,1.000000000000000000e+00,8.010898401483189657e-01,1.478915131677746055e-02,7.170044246606496197e-01,3.498414040195751279e-03,8.494666086590005674e-03,7.170044246606496197e-01,7.170044246606496197e-01,8.010898401483189657e-01,8.010898401483189657e-01,1.216106546186535159e-01,5.743849599370370873e-01,5.743849599370370873e-01,8.950362228135344544e-01,1.000000000000000000e+00,5.072687377567094622e-10,7.170044246606496197e-01,3.299180822018716874e-01,2.642940237331374287e-01,8.010898401483189657e-01,5.140953449829490651e-01,8.010898401483189657e-01,8.010898401483189657e-01,2.730268013760418040e-04,8.010898401483189657e-01,8.010898401483189657e-01,8.010898401483189657e-01,8.010898401483189657e-01,7.170044246606496197e-01,8.010898401483189657e-01,1.000000000000000000e+00,4.601339557395596191e-01,6.417449319888591797e-01,8.010898401483189657e-01,2.062630411768658079e-02,6.629494061398822757e-04,8.010898401483189657e-01,1.000000000000000000e+00,7.170044246606496197e-01,8.010898401483189657e-01,1.000000000000000000e+00,8.950362228135344544e-01,7.170044246606496197e-01,1.000000000000000000e+00,1.000000000000000000e+00,8.010898401483189657e-01,5.743849599370370873e-01,8.010898401483189657e-01,8.010898401483189657e-01,6.417449319888591797e-01,8.010898401483189657e-01,8.010898401483189657e-01,3.299180822018716874e-01,2.952886341318485264e-01,8.010898401483189657e-01,2.117232572245350553e-01,4.601339557395596191e-01,2.117232572245350553e-01,2.952886341318485264e-01,8.950362228135344544e-01,8.010898401483189657e-01,7.170044246606496197e-01,5.743849599370370873e-01,8.494666086590005674e-03,6.417449319888591797e-01,6.417449319888591797e-01,5.743849599370370873e-01,8.010898401483189657e-01,8.010898401483189657e-01,6.417449319888591797e-01,8.010898401483189657e-01,8.010898401483189657e-01,7.804302127736852113e-02,8.010898401483189657e-01,8.950362228135344544e-01,8.010898401483189657e-01,1.000000000000000000e+00,7.170044246606496197e-01,6.417449319888591797e-01,7.170044246606496197e-01,2.642940237331374287e-01,1.000000000000000000e+00,8.010898401483189657e-01,2.365527247142980294e-01,8.010898401483189657e-01,8.010898401483189657e-01,7.170044246606496197e-01,1.000000000000000000e+00,1.000000000000000000e+00,2.642940237331374287e-01,8.010898401483189657e-01,1.652352266848816642e-02,8.010898401483189657e-01
1.184743886428653477e-02,2.304521715651692768e-02,2.574780390906928479e-02,2.304521715651692768e-02,2.574780390906928479e-02,2.574780390906928479e-02,1.652352266848816642e-02,2.508378346115294755e-03,2.574780390906928479e-02,1.000000000000000000e+00,2.574780390906928479e-02,1.403618076430070041e-04,1.323682613318629547e-02,2.574780390906928479e-02,2.574780390906928479e-02,2.574780390906928479e-02,1.323682613318629547e-02,2.574780390906928479e-02,1.846128932809744730e-02,2.574780390906928479e-02,2.574780390906928479e-02,1.440774795840365531e-03,2.304521715651692768e-02,4.879208439824506138e-03,2.730268013760418040e-04,2.304521715651692768e-02,2.304521715651692768e-02,2.574780390906928479e-02,2.574780390906928479e-02,3.131207288374647079e-03,1.846128932809744730e-02,1.846128932809744730e-02,2.304521715651692768e-02,2.574780390906928479e-02,2.540590206937976960e-11,2.304521715651692768e-02,1.060388693110529863e-02,8.494666086590005674e-03,2.574780390906928479e-02,1.652352266848816642e-02,2.574780390906928479e-02,2.574780390906928479e-02,2.130783646908232100e-05,2.574780390906928479e-02,2.574780390906928479e-02,2.574780390906928479e-02,2.574780390906928479e-02,2.304521715651692768e-02,2.574780390906928479e-02,2.574780390906928479e-02,1.478915131677746055e-02,2.062630411768658079e-02,2.574780390906928479e-02,6.090713170099791227e-03,1.706949131092364521e-05,2.574780390906928479e-02,2.574780390906928479e-02,2.304521715651692768e-02,2.574780390906928479e-02,2.574780390906928479e-02,2.304521715651692768e-02,1.846128932809744730e-02,2.574780390906928479e-02,2.574780390906928479e-02,2.574780390906928479e-02,1.846128932809744730e-02,2.574780390906928479e-02,2.574780390906928479e-02,2.062630411768658079e-02,2.062630411768658079e-02,2.574780390906928479e-02,1.060388693110529863e-02,9.490862905958295445e-03,2.574780390906928479e-02,6.804990697419720409e-03,1.478915131677746055e-02,6.804990697419720409e-03,9.490862905958295445e-03,2.304521715651692768e-02,2.574780390906928479e-02,2.304521715651692768e-02,1.478915131677746055e-02,4.879208439824506138e-03,2.062630411768658079e-02,2.062630411768658079e-02,1.846128932809744730e-02,2.574780390906928479e-02,2.574780390906928479e-02,2.062630411768658079e-02,2.574780390906928479e-02,2.574780390906928479e-02,2.508378346115294755e-03,2.574780390906928479e-02,2.304521715651692768e-02,2.574780390906928479e-02,2.574780390906928479e-02,2.304521715651692768e-02,2.062630411768658079e-02,2.304521715651692768e-02,8.494666086590005674e-03,2.574780390906928479e-02,2.574780390906928479e-02,7.603033848203740244e-03,2.574780390906928479e-02,2.574780390906928479e-02,2.304521715651692768e-02,2.574780390906928479e-02,2.574780390906928479e-02,8.494666086590005674e-03,2.574780390906928479e-02,1.289545631193900980e-03,2.574780390906928479e-02
3.686086370502175136e-01,7.170044246606496197e-01,8.010898401483189657e-01,7.170044246606496197e-01,8.010898401483189657e-01,8.010898401483189657e-01,6.417449319888591797e-01,9.742105986878964174e-02,8.010898401483189657e-01,2.574780390906928479e-02,1.000000000000000000e+00,4.367068292300440788e-03,5.140953449829490651e-01,8.010898401483189657e-01,8.010898401483189657e-01,8.010898401483189657e-01,4.118365577333854555e-01,8.010898401483189657e-01,7.170044246606496197e-01,8.010898401483189657e-01,8.010898401483189657e-01,1.846128932809744730e-02,7.170044246606496197e-01,3.498414040195751279e-03,8.494666086590005674e-03,7.170044246606496197e-01,7.170044246606496197e-01,8.010898401483189657e-01,8.010898401483189657e-01,1.216106546186535159e-01,5.743849599370370873e-01,5.743849599370370873e-01,7.170044246606496197e-01,8.010898401483189657e-01,5.072687377567094622e-10,7.170044246606496197e-01,4.118365577333854555e-01,2.642940237331374287e-01,8.010898401483189657e-01,5.140953449829490651e-01,8.010898401483189657e-01,1.000000000000000000e+00,2.730268013760418040e-04,8.010898401483189657e-01,1.000000000000000000e+00,8.010898401483189657e-01,8.010898401483189657e-01,7.170044246606496197e-01,8.010898401483189657e-01,8.010898401483189657e-01,4.601339557395596191e-01,6.417449319888591797e-01,8.010898401483189657e-01,2.062630411768658079e-02,6.629494061398822757e-04,8.010898401483189657e-01,8.010898401483189657e-01,7.170044246606496197e-01,8.010898401483189657e-01,8.010898401483189657e-01,7.170044246606496197e-01,7.170044246606496197e-01,8.010898401483189657e-01,8.010898401483189657e-01,8.010898401483189657e-01,5.743849599370370873e-01,8.010898401483189657e-01,8.010898401483189657e-01,6.417449319888591797e-01,8.010898401483189657e-01,8.010898401483189657e-01,4.118365577333854555e-01,3.686086370502175136e-01,8.010898401483189657e-01,2.117232572245350553e-01,4.601339557395596191e-01,2.642940237331374287e-01,2.952886341318485264e-01,7.170044246606496197e-01,8.010898401483189657e-01,7.170044246606496197e-01,5.743849599370370873e-01,8.494666086590005674e-03,6.417449319888591797e-01,6.417449319888591797e-01,5.743849599370370873e-01,8.010898401483189657e-01,8.010898401483189657e-01,6.417449319888591797e-01,8.010898401483189657e-01,8.010898401483189657e-01,9.742105986878964174e-02,8.010898401483189657e-01,7.170044246606496197e-01,8.010898401483189657e-01,8.010898401483189657e-01,8.950362228135344544e-01,6.417449319888591797e-01,7.170044246606496197e-01,2.642940237331374287e-01,8.010898401483189657e-01,8.010898401483189657e-01,2.952886341318485264e-01,8.010898401483189657e-01,8.010898401483189657e-01,7.170044246606496197e-01,8.010898401483189657e-01,8.010898401483189657e-01,2.642940237331374287e-01,1.000000000000000000e+00,1.323682613318629547e-02,8.010898401483189657e-01
2.009436408321005774e-03,4.879208439824506138e-03,4.367068292300440788e-03,3.908684309109337895e-03,4.367068292300440788e-03,4.367068292300440788e-03,2.802543944233050911e-03,5.310820337910221673e-04,4.367068292300440788e-03,1.403618076430070041e-04,4.367068292300440788e-03,1.000000000000000000e+00,2.802543944233050911e-03,4.367068292300440788e-03,4.367068292300440788e-03,4.367068292300440788e-03,2.245089480294293945e-03,4.367068292300440788e-03,3.131207288374647079e-03,4.367068292300440788e-03,4.367068292300440788e-03,1.256289021400771027e-04,3.908684309109337895e-03,1.907128546961588312e-05,1.124424180476657443e-04,4.879208439824506138e-03,3.908684309109337895e-03,4.367068292300440788e-03,4.367068292300440788e-03,1.033041903557085873e-03,3.131207288374647079e-03,3.131207288374647079e-03,4.879208439824506138e-03,4.367068292300440788e-03,8.831511497312075049e-10,4.879208439824506138e-03,1.798518372887627928e-03,1.798518372887627928e-03,4.367068292300440788e-03,5.451408910006764856e-03,4.367068292300440788e-03,4.367068292300440788e-03,5.631533837461437317e-06,4.367068292300440788e-03,4.367068292300440788e-03,5.451408910006764856e-03,4.367068292300440788e-03,3.908684309109337895e-03,4.367068292300440788e-03,4.367068292300440788e-03,2.508378346115294755e-03,4.367068292300440788e-03,4.367068292300440788e-03,1.124424180476657443e-04,2.659856036263954520e-05,4.367068292300440788e-03,4.367068292300440788e-03,3.908684309109337895e-03,4.367068292300440788e-03,4.367068292300440788e-03,3.908684309109337895e-03,3.131207288374647079e-03,4.367068292300440788e-03,4.367068292300440788e-03,4.367068292300440788e-03,3.131207288374647079e-03,4.367068292300440788e-03,4.367068292300440788e-03,3.498414040195751279e-03,3.498414040195751279e-03,4.367068292300440788e-03,2.245089480294293945e-03,2.009436408321005774e-03,4.367068292300440788e-03,1.798518372887627928e-03,3.131207288374647079e-03,1.440774795840365531e-03,2.009436408321005774e-03,3.908684309109337895e-03,4.367068292300440788e-03,3.908684309109337895e-03,2.508378346115294755e-03,4.630789839196901487e-05,3.498414040195751279e-03,3.498414040195751279e-03,3.131207288374647079e-03,4.367068292300440788e-03,4.367068292300440788e-03,4.367068292300440788e-03,4.367068292300440788e-03,4.367068292300440788e-03,6.629494061398822757e-04,4.367068292300440788e-03,3.908684309109337895e-03,4.367068292300440788e-03,4.367068292300440788e-03,3.908684309109337895e-03,3.498414040195751279e-03,4.879208439824506138e-03,1.440774795840365531e-03,4.367068292300440788e-03,4.367068292300440788e-03,2.508378346115294755e-03,4.367068292300440788e-03,4.367068292300440788e-03,3.908684309109337895e-03,4.367068292300440788e-03,4.367068292300440788e-03,1.798518372887627928e-03,4.367068292300440788e-03,1.752135660802033468e-04,4.367068292300440788e-03
2.952886341318485264e-01,3.686086370502175136e-01,4.118365577333854555e-01,4.601339557395596191e-01,5.140953449829490651e-01,4.118365577333854555e-01,5.140953449829490651e-01,9.742105986878964174e-02,4.118365577333854555e-01,1.323682613318629547e-02,5.140953449829490651e-01,2.802543944233050911e-03,1.000000000000000000e+00,5.140953449829490651e-01,4.118365577333854555e-01,4.118365577333854555e-01,3.299180822018716874e-01,4.118365577333854555e-01,5.743849599370370873e-01,4.118365577333854555e-01,4.118365577333854555e-01,2.876733170433190198e-02,4.601339557395596191e-01,2.245089480294293945e-03,6.804990697419720409e-03,3.686086370502175136e-01,3.686086370502175136e-01,4.118365577333854555e-01,4.118365577333854555e-01,1.894999844280262080e-01,5.743849599370370873e-01,4.601339557395596191e-01,4.601339557395596191e-01,4.118365577333854555e-01,7.904522692288500947e-10,4.601339557395596191e-01,3.299180822018716874e-01,3.299180822018716874e-01,4.118365577333854555e-01,2.642940237331374287e-01,5.140953449829490651e-01,5.140953449829490651e-01,4.254444215552943354e-04,5.140953449829490651e-01,5.140953449829490651e-01,5.140953449829490651e-01,5.140953449829490651e-01,5.743849599370370873e-01,5.140953449829490651e-01,4.118365577333854555e-01,5.743849599370370873e-01,3.299180822018716874e-01,4.118365577333854555e-01,1.060388693110529863e-02,5.310820337910221673e-04,4.118365577333854555e-01,4.118365577333854555e-01,4.601339557395596191e-01,5.140953449829490651e-01,4.118365577333854555e-01,3.686086370502175136e-01,3.686086370502175136e-01,4.118365577333854555e-01,4.118365577333854555e-01,4.118365577333854555e-01,5.743849599370370873e-01,5.140953449829490651e-01,5.140953449829490651e-01,5.140953449829490651e-01,5.140953449829490651e-01,5.140953449829490651e-01,6.417449319888591797e-01,3.686086370502175136e-01,4.118365577333854555e-01,1.358723273080190697e-01,2.952886341318485264e-01,3.299180822018716874e-01,2.952886341318485264e-01,4.601339557395596191e-01,4.118365577333854555e-01,4.601339557395596191e-01,4.601339557395596191e-01,5.451408910006764856e-03,5.140953449829490651e-01,4.118365577333854555e-01,3.686086370502175136e-01,5.140953449829490651e-01,5.140953449829490651e-01,3.299180822018716874e-01,4.118365577333854555e-01,4.118365577333854555e-01,9.742105986878964174e-02,4.118365577333854555e-01,3.686086370502175136e-01,4.118365577333854555e-01,4.118365577333854555e-01,4.601339557395596191e-01,5.140953449829490651e-01,5.743849599370370873e-01,1.358723273080190697e-01,4.118365577333854555e-01,4.118365577333854555e-01,3.686086370502175136e-01,4.118365577333854555e-01,5.140953449829490651e-01,3.686086370502175136e-01,4.118365577333854555e-01,4.118365577333854555e-01,1.358723273080190697e-01,5.140953449829490651e-01,6.804990697419720409e-03,4.118365577333854555e-01
4.601339557395596191e-01,7.170044246606496197e-01,8.010898401483189657e-01,8.950362228135344544e-01,8.010898401483189657e-01,8.010898401483189657e-01,5.140953449829490651e-01,9.742105986878964174e-02,8.010898401483189657e-01,2.574780390906928479e-02,8.010898401483189657e-01,4.367068292300440788e-03,5.140953449829490651e-01,1.000000000000000000e+00,8.010898401483189657e-01,8.010898401483189657e-01,5.140953449829490651e-01,8.010898401483189657e-01,7.170044246606496197e-01,8.010898401483189657e-01,8.010898401483189657e-01,1.846128932809744730e-02,8.950362228135344544e-01,3.498414040195751279e-03,8.494666086590005674e-03,7.170044246606496197e-01,7.170044246606496197e-01,8.010898401483189657e-01,8.010898401483189657e-01,1.216106546186535159e-01,7.170044246606496197e-01,7.170044246606496197e-01,7.170044246606496197e-01,8.010898401483189657e-01,5.072687377567094622e-10,7.170044246606496197e-01,4.118365577333854555e-01,3.299180822018716874e-01,8.010898401483189657e-01,5.140953449829490651e-01,8.010898401483189657e-01,8.010898401483189657e-01,2.730268013760418040e-04,8.010898401483189657e-01,8.010898401483189657e-01,8.010898401483189657e-01,1.000000000000000000e+00,8.950362228135344544e-01,8.010898401483189657e-01,8.010898401483189657e-01,5.743849599370370873e-01,6.417449319888591797e-01,8.010898401483189657e-01,2.062630411768658079e-02,6.629494061398822757e-04,8.010898401483189657e-01,8.010898401483189657e-01,8.950362228135344544e-01,8.010898401483189657e-01,8.010898401483189657e-01,7.170044246606496197e-01,5.743849599370370873e-01,8.010898401483189657e-01,8.010898401483189657e-01,8.010898401483189657e-01,7.170044246606496197e-01,8.010898401483189657e-01,8.010898401483189657e-01,8.010898401483189657e-01,8.010898401483189657e-01,8.010898401483189657e-01,4.118365577333854555e-01,3.686086370502175136e-01,8.010898401483189657e-01,2.117232572245350553e-01,5.743849599370370873e-01,2.642940237331374287e-01,2.952886341318485264e-01,8.950362228135344544e-01,8.010898401483189657e-01,7.170044246606496197e-01,5.743849599370370873e-01,1.060388693110529863e-02,6.417449319888591797e-01,6.417449319888591797e-01,7.170044246606496197e-01,8.010898401483189657e-01,8.010898401483189657e-01,6.417449319888591797e-01,8.010898401483189657e-01,8.010898401483189657e-01,9.742105986878964174e-02,8.010898401483189657e-01,7.170044246606496197e-01,8.010898401483189657e-01,8.010898401483189657e-01,7.170044246606496197e-01,8.010898401483189657e-01,7.170044246606496197e-01,2.642940237331374287e-01,8.010898401483189657e-01,8.010898401483189657e-01,2.952886341318485264e-01,8.010898401483189657e-01,8.010898401483189657e-01,7.170044246606496197e-01,8.010898401483189657e-01,8.010898401483189657e-01,2.642940237331374287e-01,8.010898401483189657e-01,1.323682613318629547e-02,8.010898401483189657e-01
